158538
56458
151029
153629
95685
93188
90676
117862
73293
95586
142771
52966
85311
61052
148321
61047
97587
52924
138351
85197
99800
138292
62514
95299
72972
62472
160611
115358
95247
145099
142502
117415
162859
155615
160459
136138
126172
126171
128865
87485
147820
70195
133641
64984
155430
84600
23738
152774
49736
150223
121773
107551
152658
155278
61852
147562
112331
133367
99259
84301
162314
61607
135613
72130
96994
112128
96959
133153
72100
159882
152271
69625
78154
83887
119228
154755
149616
141679
100894
146858
132877
154600
77912
127918
106752
71777
151952
121131
69285
111689
124693
151815
135110
93959
149289
63755
114055
118581
127504
82705
98367
113892
146225
137079
151518
149018
22202
96102
116124
129914
73737
71308
73693
98168
85792
132235
53454
134598
141007
163523
73393
63013
50656
115747
131940
163897
